---------------------------------
|  0.00 |  1.00 |  1.00 |  0.00 |
---------------------------------
|  0.10 |  1.03 |  1.00 |  0.03 |
---------------------------------
|  0.20 |  1.12 |  1.00 |  0.12 |
---------------------------------
|  0.30 |  1.29 |  1.02 |  0.27 |
---------------------------------
|  0.40 |  1.55 |  1.07 |  0.48 |
---------------------------------
|  0.50 |  1.93 |  1.18 |  0.75 |
---------------------------------
|  0.60 |  2.47 |  1.39 |  1.08 |
---------------------------------
|  0.70 |  3.23 |  1.76 |  1.47 |
---------------------------------
|  0.80 |  4.32 |  2.40 |  1.92 |
---------------------------------
|  0.90 |  5.89 |  3.46 |  2.43 |
---------------------------------
|  1.00 |  8.15 |  5.15 |  3.00 |
---------------------------------
4.44089209850e-016
