1 = 5
2 = 5
3 = 5
4 = 5
5 = 6
6 = 6
7 = 6
8 = 6
9 = 5
10 = 5
11 = 5
12 = 5
13 = 6
14 = 6
15 = 6
16 = 6
17 = 5
18 = 5
19 = 5
20 = 5
21 = 6
22 = 6
23 = 6
24 = 6
25 = 5
26 = 5
27 = 5
28 = 5
29 = 6
30 = 6
31 = 6
32 = 6
33 = 5
34 = 5
35 = 5
36 = 5
37 = 6
38 = 6
39 = 6
40 = 6
41 = 5
42 = 5
43 = 5
44 = 5
45 = 6
46 = 6
47 = 6
48 = 6
49 = 5
50 = 5
51 = 5
52 = 5
53 = 6
54 = 6
55 = 6
56 = 6
57 = 5
58 = 5
59 = 5
60 = 5
61 = 6
62 = 6
63 = 6
64 = 6
6 5 5 5 6 6 6 5 
5 6 5 5 6 6 5 6 
5 5 6 5 6 5 6 6 
5 5 5 6 5 6 6 6 
5 5 5 6 5 6 6 6 
5 5 6 5 6 5 6 6 
5 6 5 5 6 6 5 6 
6 5 5 5 6 6 6 5 
